339274.713327984	170.4256091107	24
678549.426655968	284.0426818511	48
678549.426655968	284.0426818511	48
678549.426655968	284.0426818511	48
339274.713327984	170.4256091107	24
339274.713327984	170.4256091107	24
1357098.85331194	284.0426818511	48
678549.426655968	284.0426818511	48
339274.713327984	170.4256091107	24
1357098.85331194	284.0426818511	48
339274.713327984	170.4256091107	24
339274.713327984	170.4256091107	24
678549.426655968	284.0426818511	48
339274.713327984	170.4256091107	24
678549.426655968	284.0426818511	48
678549.426655968	284.0426818511	48
339274.713327984	170.4256091107	24
339274.713327984	170.4256091107	36
339274.713327984	227.2341454809	24
678549.426655968	284.0426818511	48
678549.426655968	284.0426818511	48
339274.713327984	170.4256091107	24
339274.713327984	170.4256091107	24
339274.713327984	170.4256091107	24
339274.713327984	170.4256091107	24
678549.426655968	284.0426818511	48
339274.713327984	227.2341454809	24
678549.426655968	426.0640227767	48
339274.713327984	170.4256091107	24
339274.713327984	170.4256091107	24
339274.713327984	170.4256091107	24
678549.426655968	426.0640227767	48
339274.713327984	170.4256091107	24
339274.713327984	170.4256091107	24
678549.426655968	284.0426818511	48
2544560.34995988	568.0853637022	96
339274.713327984	170.4256091107	24
339274.713327984	170.4256091107	24
339274.713327984	170.4256091107	24
678549.426655968	284.0426818511	48
424093.39165998	170.4256091107	24
678549.426655968	426.0640227767	48
339274.713327984	170.4256091107	24
339274.713327984	170.4256091107	24
339274.713327984	170.4256091107	24
339274.713327984	170.4256091107	24
339274.713327984	170.4256091107	24
678549.426655968	284.0426818511	48
339274.713327984	170.4256091107	24
339274.713327984	170.4256091107	24
339274.713327984	170.4256091107	24
339274.713327984	170.4256091107	24
678549.426655968	284.0426818511	48
678549.426655968	227.2341454809	48
339274.713327984	170.4256091107	24
678549.426655968	284.0426818511	48
1357098.85331194	568.0853637022	96
339274.713327984	170.4256091107	24
339274.713327984	170.4256091107	24
339274.713327984	170.4256091107	24
678549.426655968	284.0426818511	48
424093.39165998	170.4256091107	24
339274.713327984	170.4256091107	24
339274.713327984	170.4256091107	24
678549.426655968	284.0426818511	48
678549.426655968	426.0640227767	48
678549.426655968	284.0426818511	48
678549.426655968	284.0426818511	48
339274.713327984	170.4256091107	24
678549.426655968	284.0426818511	48
339274.713327984	170.4256091107	24
678549.426655968	284.0426818511	48
678549.426655968	284.0426818511	48
339274.713327984	170.4256091107	24
678549.426655968	426.0640227767	48
678549.426655968	340.8512182213	48
339274.713327984	170.4256091107	24
339274.713327984	170.4256091107	24
339274.713327984	170.4256091107	24
678549.426655968	284.0426818511	48
339274.713327984	170.4256091107	24
339274.713327984	170.4256091107	24
1357098.85331194	284.0426818511	48
339274.713327984	170.4256091107	24
678549.426655968	284.0426818511	48
678549.426655968	284.0426818511	48
678549.426655968	284.0426818511	48
678549.426655968	284.0426818511	48
678549.426655968	426.0640227767	48
339274.713327984	170.4256091107	24
339274.713327984	284.0426818511	24
678549.426655968	284.0426818511	48
339274.713327984	170.4256091107	24
339274.713327984	170.4256091107	24
678549.426655968	284.0426818511	48
339274.713327984	170.4256091107	24
678549.426655968	284.0426818511	48
339274.713327984	170.4256091107	24
2544560.34995988	568.0853637022	96
339274.713327984	170.4256091107	24
678549.426655968	284.0426818511	48
339274.713327984	170.4256091107	24
678549.426655968	284.0426818511	48
339274.713327984	170.4256091107	24
678549.426655968	340.8512182213	48
339274.713327984	170.4256091107	24
678549.426655968	426.0640227767	48
339274.713327984	170.4256091107	24
339274.713327984	170.4256091107	24
339274.713327984	170.4256091107	24
339274.713327984	170.4256091107	24
339274.713327984	170.4256091107	24
339274.713327984	170.4256091107	24
1357098.85331194	284.0426818511	48
339274.713327984	170.4256091107	24
678549.426655968	426.0640227767	48
1357098.85331194	284.0426818511	48
678549.426655968	284.0426818511	48
339274.713327984	170.4256091107	24
339274.713327984	170.4256091107	24
678549.426655968	284.0426818511	48
339274.713327984	170.4256091107	24
678549.426655968	426.0640227767	48
1357098.85331194	284.0426818511	48
678549.426655968	284.0426818511	48
339274.713327984	170.4256091107	24
339274.713327984	170.4256091107	24
339274.713327984	170.4256091107	24
1357098.85331194	284.0426818511	48
339274.713327984	170.4256091107	24
678549.426655968	284.0426818511	48
339274.713327984	170.4256091107	24
339274.713327984	170.4256091107	24
339274.713327984	170.4256091107	24
678549.426655968	284.0426818511	48
339274.713327984	170.4256091107	24
678549.426655968	284.0426818511	48
339274.713327984	170.4256091107	24
339274.713327984	170.4256091107	24
339274.713327984	170.4256091107	24
339274.713327984	170.4256091107	24
339274.713327984	170.4256091107	24
678549.426655968	284.0426818511	48
339274.713327984	170.4256091107	24
678549.426655968	340.8512182213	48
678549.426655968	284.0426818511	48
339274.713327984	170.4256091107	24
339274.713327984	170.4256091107	24
339274.713327984	170.4256091107	24
339274.713327984	170.4256091107	24
