0.00 0.01 0.01 0.73
0.06 0.01 0.01 0.74
0.02 0.01 0.01 0.73
0.00 0.01 0.01 0.74
0.03 0.01 0.01 0.73
0.00 0.01 0.01 0.73
0.00 0.01 0.01 0.74
0.03 0.01 0.01 0.73
0.00 0.01 0.01 0.74
0.00 0.01 0.01 0.74
0.00 0.01 0.01 0.74
0.01 0.01 0.01 0.73
0.00 0.01 0.01 0.73
0.02 0.01 0.01 0.73
0.02 0.01 0.01 0.73
0.02 0.01 0.01 0.73
0.02 0.01 0.01 0.73
0.03 0.01 0.01 0.73
0.02 0.01 0.01 0.73
0.00 0.01 0.01 0.74
0.01 0.01 1.00 0.01
0.01 0.01 0.91 0.01
0.01 0.01 0.86 0.01
0.03 0.01 0.92 0.02
0.02 0.01 0.97 0.02
0.28 0.32 0.16 0.04
0.29 0.32 0.16 0.04
0.29 0.32 0.16 0.04
0.29 0.32 0.16 0.04
0.29 0.32 0.16 0.04
0.27 0.32 0.16 0.04
0.29 0.32 0.16 0.04
0.30 0.32 0.16 0.04
0.29 0.32 0.16 0.04
0.29 0.32 0.16 0.04
0.28 0.32 0.16 0.04
0.28 0.32 0.16 0.04
0.29 0.32 0.16 0.04
0.28 0.32 0.16 0.04
0.28 0.32 0.16 0.04
0.00 1.00 0.00 1.00
0.00 1.00 0.00 1.00
0.00 1.00 0.00 1.00
0.00 1.00 0.00 1.00
0.03 1.00 0.00 1.00
0.24 0.49 0.00 0.93
0.23 0.49 0.00 0.94
0.23 0.48 0.00 0.94
0.28 0.49 0.00 0.94
0.23 0.48 0.00 0.94
0.24 0.49 0.00 0.93
0.23 0.49 0.00 0.94
0.23 0.48 0.00 0.94
0.28 0.49 0.00 0.94
0.23 0.48 0.00 0.94
0.01 0.48 0.00 0.94
0.01 0.48 0.00 0.94
0.02 0.49 0.00 0.94
0.02 0.48 0.00 0.94
0.01 0.48 0.00 0.94
0.28 0.00 0.01 0.00
0.25 0.00 0.01 0.00
0.27 0.00 0.01 0.00
0.27 0.00 0.01 0.00
0.26 0.00 0.01 0.00
0.27 0.00 0.01 0.00
1.00 0.01 0.01 0.01
0.27 0.01 0.00 0.00
0.26 0.01 0.00 0.01
0.28 0.01 0.00 0.00
0.27 0.01 0.00 0.00
0.27 0.01 0.00 0.00
0.28 0.01 0.00 0.00
0.27 0.01 0.00 0.00
0.27 0.01 0.00 0.01
0.27 0.01 0.00 0.01
0.27 0.01 0.00 0.00
0.27 0.01 0.00 0.01
0.27 0.01 0.00 0.00
0.27 0.01 0.00 0.00
0.02 0.00 0.00 0.00
0.00 0.00 0.00 0.00
0.03 0.01 0.00 0.00
0.05 0.01 0.00 0.00
0.00 0.01 0.00 0.00
0.00 0.01 0.00 0.00
0.01 0.01 0.00 0.00
0.03 0.01 0.00 0.00
0.00 0.01 0.00 0.00
0.00 0.01 0.00 0.00
0.06 0.01 0.00 0.00
0.04 0.01 0.00 0.00
0.01 0.01 0.00 0.00
0.00 0.01 0.00 0.00
0.00 0.01 0.00 0.00
0.03 0.01 0.00 0.00
0.00 0.01 0.00 0.00
0.00 0.01 0.00 0.00
0.01 0.01 0.00 0.00
0.03 0.01 0.00 0.00
