6361.40088	400	3408.51218
12722.801745	800	5680.85364
12722.801745	800	5680.85364
12722.801745	800	5680.85364
6361.40088	400	3408.51218
6361.40088	400	3408.51218
25445.603505	800	5680.85364
12722.801745	800	5680.85364
6361.40088	400	3408.51218
25445.603505	800	5680.85364
6361.40088	400	3408.51218
6361.40088	400	3408.51218
12722.801745	800	5680.85364
6361.40088	400	3408.51218
12722.801745	800	5680.85364
12722.801745	800	5680.85364
6361.40088	400	3408.51218
6361.40088	600	3408.51218
6361.40088	400	4544.68291
12722.801745	800	5680.85364
12722.801745	800	5680.85364
6361.40088	400	3408.51218
6361.40088	400	3408.51218
6361.40088	400	3408.51218
6361.40088	400	3408.51218
12722.801745	800	5680.85364
6361.40088	400	4544.68291
12722.801745	800	8521.28046
6361.40088	400	3408.51218
6361.40088	400	3408.51218
6361.40088	400	3408.51218
12722.801745	800	8521.28046
6361.40088	400	3408.51218
6361.40088	400	3408.51218
12722.801745	800	5680.85364
47710.506555	1600	11361.70727
6361.40088	400	3408.51218
6361.40088	400	3408.51218
6361.40088	400	3408.51218
12722.801745	800	5680.85364
7951.7511	400	3408.51218
12722.801745	800	8521.28046
6361.40088	400	3408.51218
6361.40088	400	3408.51218
6361.40088	400	3408.51218
6361.40088	400	3408.51218
6361.40088	400	3408.51218
12722.801745	800	5680.85364
6361.40088	400	3408.51218
6361.40088	400	3408.51218
6361.40088	400	3408.51218
6361.40088	400	3408.51218
12722.801745	800	5680.85364
12722.801745	800	4544.68291
6361.40088	400	3408.51218
12722.801745	800	5680.85364
25445.603505	1600	11361.70727
6361.40088	400	3408.51218
6361.40088	400	3408.51218
6361.40088	400	3408.51218
12722.801745	800	5680.85364
7951.7511	400	3408.51218
6361.40088	400	3408.51218
6361.40088	400	3408.51218
12722.801745	800	5680.85364
12722.801745	800	8521.28046
12722.801745	800	5680.85364
12722.801745	800	5680.85364
6361.40088	400	3408.51218
12722.801745	800	5680.85364
6361.40088	400	3408.51218
12722.801745	800	5680.85364
12722.801745	800	5680.85364
6361.40088	400	3408.51218
12722.801745	800	8521.28046
12722.801745	800	6817.02436
6361.40088	400	3408.51218
6361.40088	400	3408.51218
6361.40088	400	3408.51218
12722.801745	800	5680.85364
6361.40088	400	3408.51218
6361.40088	400	3408.51218
25445.603505	800	5680.85364
6361.40088	400	3408.51218
12722.801745	800	5680.85364
12722.801745	800	5680.85364
12722.801745	800	5680.85364
12722.801745	800	5680.85364
12722.801745	800	8521.28046
6361.40088	400	3408.51218
6361.40088	400	5680.85364
12722.801745	800	5680.85364
6361.40088	400	3408.51218
6361.40088	400	3408.51218
12722.801745	800	5680.85364
6361.40088	400	3408.51218
12722.801745	800	5680.85364
6361.40088	400	3408.51218
47710.506555	1600	11361.70727
6361.40088	400	3408.51218
12722.801745	800	5680.85364
6361.40088	400	3408.51218
12722.801745	800	5680.85364
6361.40088	400	3408.51218
12722.801745	800	6817.02436
6361.40088	400	3408.51218
12722.801745	800	8521.28046
6361.40088	400	3408.51218
6361.40088	400	3408.51218
6361.40088	400	3408.51218
6361.40088	400	3408.51218
6361.40088	400	3408.51218
6361.40088	400	3408.51218
25445.603505	800	5680.85364
6361.40088	400	3408.51218
12722.801745	800	8521.28046
25445.603505	800	5680.85364
12722.801745	800	5680.85364
6361.40088	400	3408.51218
6361.40088	400	3408.51218
12722.801745	800	5680.85364
6361.40088	400	3408.51218
12722.801745	800	8521.28046
25445.603505	800	5680.85364
12722.801745	800	5680.85364
6361.40088	400	3408.51218
6361.40088	400	3408.51218
6361.40088	400	3408.51218
25445.603505	800	5680.85364
6361.40088	400	3408.51218
12722.801745	800	5680.85364
6361.40088	400	3408.51218
6361.40088	400	3408.51218
6361.40088	400	3408.51218
12722.801745	800	5680.85364
6361.40088	400	3408.51218
12722.801745	800	5680.85364
6361.40088	400	3408.51218
6361.40088	400	3408.51218
6361.40088	400	3408.51218
6361.40088	400	3408.51218
6361.40088	400	3408.51218
12722.801745	800	5680.85364
6361.40088	400	3408.51218
12722.801745	800	6817.02436
12722.801745	800	5680.85364
6361.40088	400	3408.51218
6361.40088	400	3408.51218
6361.40088	400	3408.51218
6361.40088	400	3408.51218
6361.40088	400	3408.51218
6361.40088	400	3408.51218
12722.801745	800	5680.85364
6361.40088	400	3408.51218
12722.801745	800	5680.85364
6361.40088	400	3408.51218
12722.801745	800	8521.28046
12722.801745	800	5680.85364
25445.603505	800	5680.85364
19084.202625	800	8521.28046
12722.801745	800	5680.85364
6361.40088	400	3408.51218
6361.40088	400	3408.51218
6361.40088	400	3408.51218
6361.40088	400	3408.51218
6361.40088	400	3408.51218
12722.801745	800	5680.85364
12722.801745	800	5680.85364
6361.40088	400	3408.51218
25445.603505	800	5680.85364
6361.40088	400	3408.51218
6361.40088	400	3408.51218
6361.40088	400	3408.51218
6361.40088	400	3408.51218
6361.40088	400	3408.51218
6361.40088	400	3408.51218
12722.801745	800	5680.85364
12722.801745	800	5680.85364
12722.801745	800	8521.28046
12722.801745	800	5680.85364
6361.40088	400	3408.51218
12722.801745	800	5680.85364
6361.40088	400	3408.51218
25445.603505	800	5680.85364
6361.40088	400	3408.51218
6361.40088	400	3408.51218
6361.40088	400	3408.51218
6361.40088	400	3408.51218
12722.801745	800	6817.02436
6361.40088	400	3408.51218
6361.40088	400	3408.51218
12722.801745	800	5680.85364
6361.40088	400	3408.51218
6361.40088	400	3408.51218
6361.40088	400	3408.51218
6361.40088	400	3408.51218
12722.801745	800	8521.28046
6361.40088	400	3408.51218
12722.801745	800	8521.28046
12722.801745	800	5680.85364
7951.7511	400	3408.51218
6361.40088	400	3408.51218
6361.40088	400	3408.51218
6361.40088	400	3408.51218
6361.40088	400	3408.51218
6361.40088	400	3408.51218
6361.40088	400	3408.51218
6361.40088	400	3408.51218
6361.40088	400	3408.51218
6361.40088	400	3408.51218
6361.40088	400	3408.51218
12722.801745	800	5680.85364
6361.40088	400	3408.51218
6361.40088	400	3408.51218
6361.40088	400	3408.51218
6361.40088	400	3408.51218
12722.801745	800	5680.85364
25445.603505	800	5680.85364
12722.801745	800	5680.85364
6361.40088	400	3408.51218
6361.40088	400	3408.51218
6361.40088	400	3408.51218
12722.801745	800	5680.85364
25445.603505	800	5680.85364
12722.801745	800	5680.85364
6361.40088	400	3408.51218
6361.40088	400	3408.51218
6361.40088	400	3408.51218
6361.40088	400	3408.51218
6361.40088	400	3408.51218
12722.801745	800	5680.85364
12722.801745	800	5680.85364
12722.801745	800	6817.02436
12722.801745	800	5680.85364
6361.40088	400	3408.51218
7951.7511	400	3408.51218
6361.40088	400	3408.51218
6361.40088	400	4544.68291
6361.40088	400	3408.51218
47710.506555	1600	11361.70727
6361.40088	400	3408.51218
6361.40088	400	3408.51218
6361.40088	400	3408.51218
6361.40088	400	3408.51218
6361.40088	400	3408.51218
6361.40088	400	3408.51218
6361.40088	400	3408.51218
25445.603505	800	5680.85364
12722.801745	800	8521.28046
6361.40088	400	3408.51218
6361.40088	400	3408.51218
12722.801745	800	5680.85364
6361.40088	400	3408.51218
6361.40088	400	3408.51218
6361.40088	400	3408.51218
12722.801745	800	5680.85364
6361.40088	400	3408.51218
12722.801745	800	6817.02436
6361.40088	400	3408.51218
6361.40088	400	3408.51218
6361.40088	400	3408.51218
6361.40088	400	3408.51218
6361.40088	400	3408.51218
25445.603505	800	5680.85364
6361.40088	400	3408.51218
25445.603505	800	5680.85364
6361.40088	400	3408.51218
6361.40088	400	3408.51218
12722.801745	800	8521.28046
6361.40088	400	3408.51218
12722.801745	800	5680.85364
6361.40088	400	3408.51218
12722.801745	800	5680.85364
12722.801745	800	5680.85364
6361.40088	400	3408.51218
12722.801745	800	8521.28046
12722.801745	800	8521.28046
6361.40088	400	3408.51218
6361.40088	400	3408.51218
12722.801745	800	5680.85364
6361.40088	400	3408.51218
6361.40088	400	3408.51218
25445.603505	800	5680.85364
6361.40088	400	3408.51218
12722.801745	800	5680.85364
6361.40088	400	3408.51218
6361.40088	400	3408.51218
12722.801745	800	5680.85364
6361.40088	400	3408.51218
6361.40088	400	3408.51218
12722.801745	800	8521.28046
12722.801745	800	5680.85364
397.587555	100	14.20213
6361.40088	400	3408.51218
6361.40088	400	3408.51218
47710.506555	1600	11361.70727
12722.801745	800	5680.85364
6361.40088	400	3408.51218
12722.801745	800	5680.85364
6361.40088	400	3408.51218
12722.801745	800	6817.02436
6361.40088	400	3408.51218
6361.40088	400	3408.51218
6361.40088	400	3408.51218
6361.40088	400	3408.51218
12722.801745	800	5680.85364
6361.40088	400	3408.51218
6361.40088	400	3408.51218
6361.40088	400	3408.51218
6361.40088	400	3408.51218
6361.40088	400	3408.51218
6361.40088	400	3408.51218
12722.801745	800	5680.85364
6361.40088	400	3408.51218
6361.40088	400	3408.51218
12722.801745	800	5680.85364
12722.801745	800	8521.28046
6361.40088	400	3408.51218
12722.801745	800	8521.28046
47710.506555	1600	11361.70727
12722.801745	800	5680.85364
25445.603505	800	5680.85364
6361.40088	400	3408.51218
6361.40088	400	3408.51218
6361.40088	400	3408.51218
6361.40088	400	3408.51218
25445.603505	800	5680.85364
7951.7511	400	3408.51218
12722.801745	800	5680.85364
25445.603505	1600	11361.70727
6361.40088	400	3408.51218
12722.801745	800	8521.28046
12722.801745	800	8521.28046
12722.801745	800	5680.85364
6361.40088	400	3408.51218
6361.40088	400	5680.85364
7951.7511	400	3408.51218
6361.40088	400	3408.51218
47710.506555	1600	11361.70727
6361.40088	400	3408.51218
6361.40088	400	3408.51218
6361.40088	400	3408.51218
12722.801745	800	5680.85364
12722.801745	800	5680.85364
12722.801745	800	5680.85364
12722.801745	800	5680.85364
25445.603505	800	5680.85364
6361.40088	400	3408.51218
6361.40088	400	3408.51218
12722.801745	800	5680.85364
7951.7511	400	3408.51218
6361.40088	400	3408.51218
12722.801745	800	6817.02436
6361.40088	400	3408.51218
6361.40088	400	3408.51218
12722.801745	800	6817.02436
12722.801745	800	5680.85364
12722.801745	800	5680.85364
12722.801745	800	6817.02436
25445.603505	800	5680.85364
6361.40088	400	3408.51218
12722.801745	800	5680.85364
6361.40088	400	3408.51218
6361.40088	600	3408.51218
6361.40088	400	3408.51218
12722.801745	800	8521.28046
6361.40088	400	3408.51218
12722.801745	800	5680.85364
6361.40088	400	3408.51218
25445.603505	800	5680.85364
6361.40088	400	3408.51218
6361.40088	400	3408.51218
6361.40088	400	3408.51218
6361.40088	400	3408.51218
6361.40088	400	3408.51218
6361.40088	400	3408.51218
6361.40088	400	3408.51218
25445.603505	800	5680.85364
25445.603505	800	5680.85364
12722.801745	800	5680.85364
12722.801745	800	5680.85364
12722.801745	800	5680.85364
47710.506555	1600	11361.70727
6361.40088	400	3408.51218
6361.40088	400	3408.51218
6361.40088	400	3408.51218
25445.603505	800	5680.85364
25445.603505	800	5680.85364
6361.40088	400	3408.51218
12722.801745	800	5680.85364
6361.40088	400	3408.51218
6361.40088	400	3408.51218
6361.40088	400	3408.51218
12722.801745	800	8521.28046
6361.40088	400	3408.51218
6361.40088	400	3408.51218
12722.801745	800	5680.85364
6361.40088	400	3408.51218
6361.40088	400	3408.51218
6361.40088	400	3408.51218
6361.40088	400	3408.51218
6361.40088	400	3408.51218
12722.801745	800	8521.28046
38168.40525	1600	11361.70727
6361.40088	400	3408.51218
6361.40088	400	3408.51218
6361.40088	400	3408.51218
6361.40088	400	3408.51218
6361.40088	400	3408.51218
6361.40088	400	3408.51218
6361.40088	400	3408.51218
6361.40088	400	3408.51218
6361.40088	400	3408.51218
12722.801745	800	5680.85364
6361.40088	400	3408.51218
12722.801745	800	5680.85364
6361.40088	400	3408.51218
12722.801745	800	5680.85364
6361.40088	400	3408.51218
12722.801745	800	5680.85364
6361.40088	400	3408.51218
25445.603505	800	5680.85364
6361.40088	400	3408.51218
6361.40088	400	3408.51218
25445.603505	800	5680.85364
6361.40088	400	3408.51218
6361.40088	400	3408.51218
6361.40088	400	3408.51218
6361.40088	400	3408.51218
6361.40088	400	3408.51218
12722.801745	800	5680.85364
12722.801745	800	5680.85364
12722.801745	800	5680.85364
6361.40088	400	3408.51218
12722.801745	800	3408.51218
12722.801745	800	11361.70727
25445.603505	800	5680.85364
12722.801745	800	5680.85364
12722.801745	800	5680.85364
12722.801745	800	5680.85364
25445.603505	800	5680.85364
12722.801745	800	5680.85364
12722.801745	800	5680.85364
12722.801745	800	8521.28046
12722.801745	800	5680.85364
6361.40088	400	3408.51218
6361.40088	400	3408.51218
6361.40088	400	3408.51218
12722.801745	800	5680.85364
12722.801745	800	8521.28046
6361.40088	400	3408.51218
6361.40088	400	3408.51218
6361.40088	400	3408.51218
6361.40088	400	3408.51218
12722.801745	800	5680.85364
6361.40088	400	3408.51218
25445.603505	1600	11361.70727
12722.801745	800	5680.85364
6361.40088	400	3408.51218
12722.801745	800	8521.28046
6361.40088	400	3408.51218
12722.801745	800	5680.85364
6361.40088	400	3408.51218
12722.801745	800	4544.68291
12722.801745	800	5680.85364
6361.40088	400	3408.51218
12722.801745	800	5680.85364
12722.801745	800	5680.85364
6361.40088	400	3408.51218
6361.40088	400	3408.51218
6361.40088	400	3408.51218
12722.801745	800	5680.85364
12722.801745	800	5680.85364
6361.40088	400	3408.51218
6361.40088	400	3408.51218
6361.40088	400	3408.51218
47710.506555	1600	11361.70727
12722.801745	800	8521.28046
6361.40088	400	3408.51218
12722.801745	800	5680.85364
6361.40088	400	3408.51218
12722.801745	800	5680.85364
12722.801745	800	8521.28046
25445.603505	1600	11361.70727
12722.801745	800	5680.85364
12722.801745	800	5680.85364
12722.801745	800	6817.02436
12722.801745	800	8521.28046
12722.801745	800	6817.02436
6361.40088	400	3408.51218
6361.40088	400	3408.51218
25445.603505	800	5680.85364
25445.603505	1600	11361.70727
6361.40088	400	4544.68291
6361.40088	400	3408.51218
6361.40088	400	3408.51218
12722.801745	800	5680.85364
6361.40088	400	3408.51218
6361.40088	400	3408.51218
12722.801745	800	6817.02436
6361.40088	400	3408.51218
6361.40088	400	3408.51218
25445.603505	800	5680.85364
12722.801745	800	8521.28046
6361.40088	400	3408.51218
6361.40088	400	3408.51218
12722.801745	800	5680.85364
6361.40088	400	3408.51218
6361.40088	400	3408.51218
6361.40088	400	3408.51218
12722.801745	800	5680.85364
6361.40088	400	3408.51218
25445.603505	800	5680.85364
12722.801745	800	8521.28046
6361.40088	400	3408.51218
6361.40088	400	3408.51218
47710.506555	1600	11361.70727
12722.801745	800	8521.28046
12722.801745	800	5680.85364
6361.40088	400	3408.51218
6361.40088	400	3408.51218
12722.801745	800	5680.85364
6361.40088	400	3408.51218
47710.506555	1600	11361.70727
12722.801745	800	8521.28046
6361.40088	400	3408.51218
6361.40088	400	3408.51218
12722.801745	800	5680.85364
6361.40088	400	3408.51218
6361.40088	400	3408.51218
6361.40088	400	3408.51218
6361.40088	400	3408.51218
6361.40088	400	3408.51218
6361.40088	600	3408.51218
6361.40088	400	3408.51218
25445.603505	800	5680.85364
7951.7511	400	3408.51218
6361.40088	400	3408.51218
6361.40088	400	3408.51218
6361.40088	400	3408.51218
12722.801745	800	5680.85364
25445.603505	800	5680.85364
6361.40088	400	3408.51218
6361.40088	400	3408.51218
12722.801745	800	5680.85364
47710.506555	1600	11361.70727
12722.801745	800	8521.28046
6361.40088	400	3408.51218
6361.40088	400	3408.51218
47710.506555	1600	11361.70727
6361.40088	400	3408.51218
6361.40088	400	3408.51218
6361.40088	400	3408.51218
6361.40088	400	3408.51218
12722.801745	800	3408.51218
6361.40088	400	3408.51218
25445.603505	800	5680.85364
6361.40088	400	3408.51218
12722.801745	800	8521.28046
25445.603505	800	5680.85364
12722.801745	800	5680.85364
12722.801745	800	5680.85364
12722.801745	800	5680.85364
12722.801745	800	8521.28046
12722.801745	800	5680.85364
6361.40088	400	3408.51218
6361.40088	400	3408.51218
12722.801745	800	8521.28046
6361.40088	400	3408.51218
6361.40088	400	3408.51218
12722.801745	800	5680.85364
12722.801745	800	8521.28046
6361.40088	400	3408.51218
12722.801745	800	5680.85364
6361.40088	400	3408.51218
6361.40088	400	3408.51218
25445.603505	800	5680.85364
6361.40088	400	3408.51218
6361.40088	400	3408.51218
6361.40088	400	3408.51218
6361.40088	400	3408.51218
47710.506555	1600	11361.70727
25445.603505	1600	11361.70727
6361.40088	400	3408.51218
25445.603505	800	5680.85364
6361.40088	400	3408.51218
12722.801745	800	5680.85364
47710.506555	1600	11361.70727
12722.801745	800	5680.85364
12722.801745	800	5680.85364
6361.40088	400	3408.51218
12722.801745	800	5680.85364
6361.40088	400	3408.51218
6361.40088	400	3408.51218
6361.40088	400	3408.51218
12722.801745	800	5680.85364
6361.40088	400	3408.51218
6361.40088	400	3408.51218
6361.40088	400	3408.51218
12722.801745	800	8521.28046
12722.801745	800	5680.85364
6361.40088	400	3408.51218
6361.40088	400	3408.51218
6361.40088	400	3408.51218
12722.801745	800	8521.28046
6361.40088	400	3408.51218
6361.40088	400	3408.51218
12722.801745	800	8521.28046
6361.40088	400	3408.51218
6361.40088	400	3408.51218
12722.801745	800	5680.85364
6361.40088	400	3408.51218
12722.801745	800	5680.85364
12722.801745	800	5680.85364
6361.40088	400	3408.51218
12722.801745	800	5680.85364
12722.801745	800	5680.85364
12722.801745	800	5680.85364
12722.801745	800	5680.85364
12722.801745	800	5680.85364
12722.801745	800	5680.85364
47710.506555	1600	11361.70727
6361.40088	400	3408.51218
12722.801745	800	5680.85364
6361.40088	400	3408.51218
6361.40088	400	3408.51218
25445.603505	800	5680.85364
12722.801745	800	6817.02436
12722.801745	800	5680.85364
12722.801745	800	5680.85364
12722.801745	800	5680.85364
12722.801745	800	8521.28046
6361.40088	400	3408.51218
12722.801745	800	5680.85364
6361.40088	400	3408.51218
12722.801745	800	6817.02436
12722.801745	800	5680.85364
12722.801745	800	8521.28046
12722.801745	800	5680.85364
12722.801745	800	8521.28046
12722.801745	800	11361.70727
47710.506555	1600	11361.70727
12722.801745	800	5680.85364
6361.40088	400	3408.51218
6361.40088	400	3408.51218
6361.40088	400	3408.51218
6361.40088	400	3408.51218
12722.801745	800	5680.85364
6361.40088	400	3408.51218
6361.40088	400	3408.51218
6361.40088	400	3408.51218
6361.40088	400	3408.51218
6361.40088	400	3408.51218
6361.40088	400	3408.51218
25445.603505	800	5680.85364
12722.801745	800	5680.85364
6361.40088	400	3408.51218
6361.40088	400	3408.51218
6361.40088	400	3408.51218
6361.40088	400	3408.51218
25445.603505	1600	11361.70727
6361.40088	400	3408.51218
6361.40088	400	3408.51218
6361.40088	400	3408.51218
12722.801745	800	5680.85364
6361.40088	400	3408.51218
6361.40088	400	3408.51218
6361.40088	400	3408.51218
6361.40088	400	3408.51218
12722.801745	800	5680.85364
6361.40088	400	3408.51218
12722.801745	800	5680.85364
6361.40088	400	3408.51218
6361.40088	400	3408.51218
12722.801745	800	8521.28046
6361.40088	400	3408.51218
12722.801745	800	6817.02436
6361.40088	400	3408.51218
6361.40088	400	3408.51218
12722.801745	800	6817.02436
6361.40088	600	3408.51218
7951.7511	400	3408.51218
6361.40088	400	3408.51218
12722.801745	800	5680.85364
6361.40088	400	3408.51218
6361.40088	400	3408.51218
6361.40088	400	3408.51218
6361.40088	400	3408.51218
6361.40088	400	3408.51218
6361.40088	400	3408.51218
12722.801745	800	8521.28046
6361.40088	400	3408.51218
12722.801745	800	8521.28046
6361.40088	400	3408.51218
6361.40088	400	4544.68291
12722.801745	800	5680.85364
12722.801745	800	8521.28046
6361.40088	400	3408.51218
6361.40088	400	3408.51218
6361.40088	400	3408.51218
6361.40088	400	3408.51218
6361.40088	400	3408.51218
6361.40088	400	3408.51218
12722.801745	800	6817.02436
6361.40088	400	3408.51218
6361.40088	400	3408.51218
12722.801745	800	5680.85364
6361.40088	400	3408.51218
6361.40088	400	3408.51218
6361.40088	400	3408.51218
6361.40088	400	3408.51218
6361.40088	400	4544.68291
6361.40088	400	3408.51218
12722.801745	800	6817.02436
6361.40088	400	3408.51218
6361.40088	400	3408.51218
6361.40088	400	3408.51218
6361.40088	400	3408.51218
25445.603505	800	5680.85364
12722.801745	800	6817.02436
6361.40088	400	3408.51218
12722.801745	800	5680.85364
47710.506555	1600	11361.70727
12722.801745	800	6817.02436
6361.40088	400	3408.51218
6361.40088	400	3408.51218
47710.506555	1600	11361.70727
6361.40088	400	3408.51218
6361.40088	400	3408.51218
6361.40088	400	3408.51218
6361.40088	400	3408.51218
12722.801745	800	8521.28046
12722.801745	800	5680.85364
6361.40088	400	3408.51218
6361.40088	400	3408.51218
6361.40088	400	3408.51218
12722.801745	800	8521.28046
12722.801745	800	5680.85364
6361.40088	400	3408.51218
12722.801745	800	8521.28046
12722.801745	800	5680.85364
12722.801745	800	8521.28046
6361.40088	400	3408.51218
12722.801745	800	5680.85364
6361.40088	400	3408.51218
12722.801745	800	5680.85364
6361.40088	400	3408.51218
6361.40088	400	3408.51218
6361.40088	400	3408.51218
6361.40088	400	3408.51218
6361.40088	400	3408.51218
6361.40088	400	3408.51218
6361.40088	400	3408.51218
12722.801745	800	5680.85364
12722.801745	800	5680.85364
25445.603505	800	5680.85364
6361.40088	400	3408.51218
25445.603505	800	5680.85364
12722.801745	800	5680.85364
12722.801745	800	5680.85364
12722.801745	800	5680.85364
6361.40088	400	3408.51218
6361.40088	400	3408.51218
12722.801745	800	8521.28046
12722.801745	800	5680.85364
6361.40088	400	3408.51218
6361.40088	400	3408.51218
12722.801745	800	5680.85364
6361.40088	400	3408.51218
12722.801745	800	5680.85364
12722.801745	800	4544.68291
6361.40088	400	3408.51218
6361.40088	400	3408.51218
25445.603505	800	5680.85364
12722.801745	800	5680.85364
6361.40088	400	3408.51218
6361.40088	400	3408.51218
6361.40088	400	3408.51218
25445.603505	800	5680.85364
12722.801745	800	5680.85364
6361.40088	400	3408.51218
25445.603505	800	5680.85364
12722.801745	800	11361.70727
6361.40088	400	3408.51218
25445.603505	800	5680.85364
6361.40088	400	3408.51218
6361.40088	400	3408.51218
25445.603505	800	5680.85364
12722.801745	800	11361.70727
12722.801745	800	5680.85364
12722.801745	800	5680.85364
12722.801745	800	5680.85364
12722.801745	800	5680.85364
12722.801745	800	6817.02436
6361.40088	400	3408.51218
12722.801745	800	6817.02436
6361.40088	400	3408.51218
6361.40088	400	3408.51218
12722.801745	800	5680.85364
12722.801745	800	8521.28046
6361.40088	400	3408.51218
6361.40088	400	3408.51218
12722.801745	800	6817.02436
6361.40088	400	3408.51218
6361.40088	400	3408.51218
47710.506555	1600	11361.70727
6361.40088	400	3408.51218
6361.40088	400	3408.51218
12722.801745	800	5680.85364
6361.40088	400	3408.51218
6361.40088	400	3408.51218
6361.40088	400	3408.51218
12722.801745	800	5680.85364
6361.40088	400	3408.51218
12722.801745	800	6817.02436
6361.40088	400	3408.51218
12722.801745	800	5680.85364
6361.40088	400	3408.51218
12722.801745	800	5680.85364
6361.40088	400	3408.51218
12722.801745	800	6817.02436
12722.801745	800	8521.28046
25445.603505	1600	11361.70727
6361.40088	400	3408.51218
6361.40088	400	3408.51218
25445.603505	1600	11361.70727
12722.801745	800	5680.85364
12722.801745	800	5680.85364
6361.40088	400	3408.51218
6361.40088	400	3408.51218
6361.40088	400	3408.51218
149994.503565	400	3408.51218
47710.506555	1600	11361.70727
25445.603505	800	5680.85364
12722.801745	800	5680.85364
25445.603505	800	5680.85364
25445.603505	800	5680.85364
6361.40088	400	4544.68291
25445.603505	1600	11361.70727
12722.801745	800	5680.85364
6361.40088	400	3408.51218
6361.40088	400	3408.51218
12722.801745	800	5680.85364
6361.40088	400	3408.51218
12722.801745	800	8521.28046
12722.801745	800	8521.28046
12722.801745	800	5680.85364
12722.801745	800	8521.28046
12722.801745	800	8521.28046
47710.506555	1600	11361.70727
6361.40088	400	5680.85364
12722.801745	800	5680.85364
6361.40088	400	3408.51218
6361.40088	400	3408.51218
12722.801745	800	5680.85364
6361.40088	400	3408.51218
6361.40088	400	3408.51218
